#FIG 3.2
Landscape
Center
Metric
A4      
31.00
Single
-2
1200 2
6 900 900 8100 8100
6 900 900 8100 8100
6 900 2100 8100 6900
2 1 0 1 0 7 50 0 -1 0.000 0 0 -1 0 0 2
	 900 4500 8100 4500
2 1 0 2 0 7 50 0 -1 0.000 0 0 -1 0 0 2
	 6301 2701 2701 6301
2 1 0 2 0 7 50 0 -1 0.000 0 0 -1 0 0 2
	 6301 6301 2701 2701
-6
2 1 0 1 0 7 50 0 -1 0.000 0 0 -1 0 0 5
	 4500 900 900 4500 4500 8100 8100 4500 4500 900
-6
2 1 0 1 0 7 50 0 -1 0.000 0 0 -1 0 0 2
	 4500 900 4500 8100
-6
4 0 0 50 0 0 30 0.0000 4 300 150 6334 4648 I\001
4 0 0 50 0 0 30 0.0000 4 300 300 2503 4660 II\001
